vec: 25.000000 25.000000 25.000000
vec2: 255.000000 255.000000 255.000000
